1 3270 361
2 3269 379
3 3253 404
4 3249 412
5 3219 431
6 3211 440
7 3202 457
8 3180 468
9 3178 463
10 3177 479
11 3175 475
12 3187 471
13 3197 455
14 3211 455
15 3201 464
16 3187 468
17 3183 464
18 3184 455
19 3199 444
20 3191 457
21 3193 462
22 3199 458
23 3217 462
24 3211 454
25 3198 453
26 3177 462
27 3169 468
28 3168 461
29 3173 463
30 3159 467
31 3153 478
32 3153 479
33 3150 478
34 3151 475
35 3139 473
36 3135 472
37 3124 477
38 3146 467
39 3132 462
40 3123 454
41 3119 463
42 3109 446
43 3111 442
44 3111 437
45 3116 436
46 3109 422
47 3124 420
48 3138 425
49 3142 413
50 3143 414
51 3152 407
52 3168 407
53 3178 409
54 3171 394
55 3177 384
56 3186 383
57 3193 383
58 3211 380
59 3225 384
60 3246 375
61 3235 383
62 3228 398
63 3233 396
64 3221 422
65 3200 420
66 3204 400
67 3231 400
68 3233 395
69 3256 384
70 3269 376
71 3279 366
72 3294 366
73 3288 375
74 3291 360
75 3295 349
76 3306 338
77 3336 330
78 3340 329
79 3365 322
80 3373 317
81 3395 313
82 3408 326
83 3424 321
84 3435 329
85 3452 326
86 3444 329
87 3454 334
88 3462 336
89 3476 339
90 3494 347
91 3500 343
92 3514 342
93 3504 353
94 3520 351
95 3535 335
96 3535 330
97 3569 326
98 3579 337
99 3582 335
100 3591 334
101 3623 332
102 3635 331
103 3653 328
104 3659 342
105 3669 340
106 3697 331
107 3718 329
108 3715 346
109 3723 347
110 3741 347
111 3761 345
112 3776 345
113 3787 350
114 3814 340
115 3840 347
116 3877 350
117 3900 345
118 3926 353
119 3954 347
120 3988 329
121 4002 342
122 4012 336
123 4038 343
124 4065 335
125 4094 335
126 4140 325
127 4160 312
128 4187 315
129 4205 321
130 4245 317
131 4265 320
132 4307 331
133 4337 332
134 4368 328
135 4385 332
136 4410 341
137 4432 342
138 4463 353
139 4482 350
140 4482 355
141 4488 365
142 4495 369
143 4521 381
144 4521 390
145 4541 385
146 4533 395
147 4542 405
148 4537 419
149 4520 427
150 4528 434
151 4522 447
152 4502 464
153 4482 477
154 4481 480
155 4467 485
156 4492 478
157 4479 474
158 4490 457
159 4499 454
160 4502 452
161 4505 459
162 4480 480
163 4488 496
164 4480 505
165 4464 521
166 4454 523
167 4436 540
168 4415 533
169 4393 547
170 4360 548
171 4357 541
172 4326 552
173 4307 550
174 4270 572
175 4245 582
176 4194 593
177 4171 588
178 4135 613
179 4097 618
180 4064 640
181 4013 647
182 3971 663
183 3961 652
184 3933 645
185 3903 654
186 3841 674
187 3810 667
188 3785 662
189 3750 662
190 3701 658
191 3692 655
192 3655 662
193 3615 670
194 3585 667
195 3535 666
196 3504 667
197 3465 668
198 3443 667
199 3404 645
200 3378 650
201 3346 646
202 3313 637
203 3296 643
204 3254 631
205 3222 623
206 3191 623
207 3149 622
208 3139 612
209 3111 602
210 3079 599
211 3069 582
212 3061 562
213 3034 563
214 3017 557
215 3006 552
216 2988 566
217 2922 568
218 2899 570
219 2890 552
220 2867 539
221 2849 539
222 2828 538
223 2798 538
224 2783 522
225 2758 520
226 2732 520
227 2725 518
228 2717 522
229 2695 509
230 2693 501
231 2675 489
232 2680 474
233 2676 455
234 2675 467
235 2653 464
236 2663 444
237 2657 436
238 2648 429
239 2658 424
240 2674 412
241 2679 409
242 2670 389
243 2676 371
244 2690 359
245 2716 358
246 2728 364
247 2748 361
248 2769 351
249 2781 339
250 2787 334
251 2792 323
252 2808 317
253 2826 317
254 2850 305
255 2871 293
256 2875 282
257 2910 285
258 2917 276
259 2939 269
260 2962 258
261 2999 240
262 3026 237
263 3037 235
264 3072 242
265 3102 227
266 3124 216
267 3148 217
268 3190 210
269 3216 202
270 3237 216
271 3258 210
272 3278 215
273 3309 210
274 3352 210
275 3389 220
276 3390 221
277 3416 220
278 3431 212
279 3463 210
280 3510 208
281 3534 214
282 3554 222
283 3587 233
284 3602 227
285 3616 228
286 3637 219
287 3663 218
288 3690 218
289 3724 222
290 3754 222
291 3790 224
292 3823 227
293 3863 219
294 3894 223
295 3938 223
296 3966 230
297 3996 230
298 4025 243
299 4039 250
300 4078 241
301 4116 229
302 4143 239
303 4181 245
304 4220 247
305 4228 272
306 4266 266
307 4289 268
308 4338 264
309 4375 277
310 4411 273
311 4439 268
312 4475 275
313 4502 276
314 4538 273
315 4581 263
316 4622 253
317 4655 255
318 4698 238
319 4728 251
320 4768 245
321 4801 248
322 4829 253
323 4864 251
324 4885 259
325 4920 255
326 4960 263
327 4996 278
328 5023 276
329 5034 288
330 5059 292
331 5079 297
332 5093 311
333 5098 317
334 5097 319
335 5115 322
336 5130 325
337 5126 338
338 5149 360
339 5153 386
340 5189 396
341 5156 414
342 5128 435
343 5140 453
344 5160 451
345 5162 470
346 5159 484
347 5152 486
348 5152 497
349 5121 513
350 5087 528
351 5058 541
352 5061 553
353 5035 559
354 5002 573
355 4970 585
356 4940 597
357 4920 605
358 4902 608
359 4867 630
360 4838 624
361 4810 646
362 4773 666
363 4753 642
364 4734 647
365 4689 652
366 4647 669
367 4605 673
368 4563 677
369 4545 672
370 4499 689
371 4465 690
372 4437 701
373 4431 701
374 4392 683
375 4332 692
376 4288 702
377 4246 713
378 4212 717
379 4149 721
380 4114 718
381 4046 733
382 3995 742
383 3940 740
384 3875 759
385 3828 759
386 3760 744
387 3700 738
388 3670 733
389 3622 736
390 3556 735
391 3494 748
392 3431 755
393 3389 752
394 3333 766
395 3263 782
396 3248 758
397 3193 767
398 3131 760
399 3079 754
400 3049 743
401 3007 731
402 2984 711
403 2939 702
404 2906 697
405 2876 706
406 2834 700
407 2814 667
408 2771 663
409 2741 660
410 2715 650
411 2677 647
412 2676 617
413 2663 598
414 2636 588
415 2630 560
416 2617 554
417 2595 555
418 2579 528
419 2560 514
420 2556 492
421 2536 488
422 2523 469
423 2519 456
424 2532 436
425 2526 419
426 2522 394
427 2534 378
428 2544 381
429 2546 377
430 2544 379
431 2566 371
432 2571 366
433 2564 363
434 2590 342
435 2604 343
436 2623 335
437 2641 318
438 2649 305
439 2671 299
440 2680 299
441 2694 285
442 2700 272
443 2713 253
444 2726 253
445 2737 248
446 2743 247
447 2776 235
448 2806 224
449 2824 213
450 2848 217
451 2861 218
452 2889 220
453 2910 224
454 2934 225
455 2976 215
456 3004 213
457 3045 214
458 3058 222
459 3071 221
460 3088 218
461 3111 218
462 3124 220
463 3138 221
464 3146 219
465 3165 217
466 3191 225
467 3211 227
468 3234 227
469 3253 236
470 3280 246
471 3319 240
472 3347 246
473 3375 241
474 3411 243
475 3409 253
476 3424 255
477 3447 254
478 3480 243
479 3508 240
480 3537 242
481 3576 232
482 3595 238
483 3624 232
484 3668 222
485 3704 222
486 3742 226
487 3779 231
488 3799 234
489 3825 238
490 3857 247
491 3896 244
492 3937 236
493 3981 244
494 4014 252
495 4042 250
496 4065 252
497 4092 257
498 4129 259
499 4157 263
500 4189 260
501 4209 266
502 4218 283
503 4276 274
504 4319 283
505 4329 292
506 4374 285
507 4416 284
508 4474 270
509 4507 277
510 4549 283
511 4587 274
512 4633 267
513 4688 253
514 4727 255
515 4760 262
516 4786 269
517 4843 268
518 4895 269
519 4932 271
520 4985 277
521 5023 282
522 5049 294
523 5063 290
524 5098 290
525 5126 287
526 5170 277
527 5188 286
528 5216 282
529 5262 284
530 5283 298
531 5303 309
532 5316 321
533 5347 326
534 5348 323
535 5358 326
536 5391 343
537 5407 340
538 5439 336
539 5444 334
540 5463 335
541 5466 333
542 5481 327
543 5489 331
544 5525 336
545 5526 339
546 5539 341
547 5563 353
548 5560 375
549 5566 372
550 5569 369
551 5602 382
552 5628 391
553 5606 406
554 5586 428
555 5597 437
556 5599 440
557 5601 452
558 5564 472
559 5562 480
560 5515 513
561 5465 535
562 5431 547
563 5406 557
564 5407 551
565 5374 557
566 5349 573
567 5333 576
568 5286 615
569 5284 610
570 5238 626
571 5183 672
572 5120 688
573 5050 718
574 4977 750
575 4923 760
576 4838 776
577 4769 788
578 4684 801
579 4613 819
580 4540 827
581 4502 816
582 4439 818
583 4349 828
584 4280 826
585 4226 820
586 4156 816
587 4094 823
588 4038 810
589 3992 797
590 3942 787
591 3889 798
592 3829 785
593 3773 773
594 3716 790
595 3651 790
596 3586 803
597 3537 810
598 3492 812
599 3448 799
600 3388 774
601 3353 764
602 3323 758
603 3263 729
604 3222 720
605 3186 712
606 3154 695
607 3110 688
608 3084 690
609 3036 683
610 3003 657
611 2973 656
612 2935 648
613 2912 640
614 2865 635
615 2819 627
616 2783 616
617 2772 595
618 2755 590
619 2726 592
620 2682 582
621 2672 584
622 2630 570
623 2616 560
624 2594 546
625 2571 535
626 2555 518
627 2532 498
628 2524 477
629 2510 474
630 2512 464
631 2498 446
632 2475 445
633 2460 444
634 2457 452
635 2453 426
636 2474 418
637 2463 418
638 2456 410
639 2461 386
640 2461 386
641 2462 382
642 2458 379
643 2462 368
644 2488 347
645 2490 336
646 2509 322
647 2519 313
648 2533 308
649 2562 294
650 2569 293
651 2587 291
652 2605 286
653 2614 282
654 2613 282
655 2632 290
656 2660 286
657 2688 277
658 2704 281
659 2717 270
660 2727 275
661 2756 274
662 2775 276
663 2790 282
664 2809 278
665 2832 268
666 2846 265
667 2878 254
668 2891 248
669 2909 253
670 2937 257
671 2958 255
672 2987 247
673 2994 251
674 3007 266
675 3001 272
676 3029 263
677 3063 268
678 3084 265
679 3102 271
680 3143 260
681 3167 252
682 3184 252
683 3237 256
684 3265 254
685 3295 240
686 3308 241
687 3328 238
688 3349 232
689 3376 238
690 3412 235
691 3437 240
692 3458 245
693 3486 251
694 3525 249
695 3567 253
696 3611 250
697 3636 245
698 3654 244
699 3694 236
700 3722 238
701 3744 245
702 3781 248
703 3805 252
704 3827 253
705 3854 260
706 3887 256
707 3917 245
708 3940 258
709 3969 262
710 3988 271
711 4008 283
712 4034 283
713 4051 290
714 4092 276
715 4118 278
716 4147 291
717 4167 296
718 4188 315
719 4233 301
720 4256 313
721 4274 302
722 4299 301
723 4328 298
724 4369 302
725 4402 304
726 4430 308
727 4463 309
728 4488 306
729 4523 297
730 4546 301
731 4575 291
732 4618 282
733 4645 287
734 4681 285
735 4713 296
736 4735 306
737 4768 310
738 4778 319
739 4790 336
740 4804 342
741 4829 336
742 4843 358
743 4845 376
744 4865 385
745 4887 372
746 4899 369
747 4915 371
748 4937 369
749 4968 363
750 4980 378
751 4997 382
752 5009 392
753 5011 399
754 5018 409
755 5024 406
756 5018 421
757 5031 426
758 5063 421
759 5059 428
760 5070 433
761 5077 435
762 5071 438
763 5075 429
764 5099 448
765 5084 465
766 5076 472
767 5065 480
768 5056 492
769 5047 507
770 5054 493
771 5039 513
772 5015 544
773 4992 545
774 4993 544
775 4958 552
776 4948 551
777 4896 553
778 4890 571
779 4855 575
780 4822 577
781 4803 590
782 4779 601
783 4725 622
784 4694 629
785 4662 629
786 4654 625
787 4628 617
788 4604 611
789 4578 608
790 4534 631
791 4503 627
792 4469 637
793 4444 631
794 4422 620
795 4387 627
796 4362 625
797 4317 621
798 4286 619
799 4237 642
800 4222 639
801 4178 639
802 4138 649
803 4109 651
804 4075 656
805 4052 656
806 4016 641
807 3973 656
808 3941 672
809 3880 681
810 3823 708
811 3766 718
812 3708 743
813 3670 728
814 3616 723
815 3576 713
816 3514 742
817 3461 754
818 3426 739
819 3372 750
820 3330 749
821 3289 758
822 3213 770
823 3172 746
824 3119 752
825 3070 759
826 3026 757
827 2967 763
828 2920 771
829 2884 737
830 2839 726
831 2795 713
832 2762 681
833 2736 649
834 2689 648
835 2659 649
836 2640 638
837 2620 620
838 2597 602
839 2560 597
840 2540 586
841 2523 572
842 2481 582
843 2458 564
844 2441 552
845 2428 534
846 2406 534
847 2395 531
848 2379 525
849 2373 512
850 2349 499
851 2331 486
852 2321 474
853 2321 474
854 2317 476
855 2321 454
856 2314 438
857 2305 429
858 2313 406
859 2317 403
860 2307 398
861 2319 381
862 2328 385
863 2314 392
864 2314 386
865 2312 381
866 2313 374
867 2312 373
868 2320 368
869 2332 360
870 2358 354
871 2359 341
872 2379 337
873 2393 322
874 2412 311
875 2437 301
876 2443 295
877 2466 274
878 2506 266
879 2515 255
880 2517 251
881 2533 242
882 2552 248
883 2565 250
884 2584 235
885 2604 234
886 2625 227
887 2659 229
888 2662 234
889 2685 237
890 2707 221
891 2732 218
892 2760 223
893 2758 227
894 2773 237
895 2805 229
896 2836 221
897 2853 212
898 2894 208
899 2910 200
900 2935 197
901 2954 196
902 2985 195
903 3010 194
904 3025 201
905 3030 193
906 3066 192
907 3104 188
908 3143 179
909 3162 178
910 3189 176
911 3214 186
912 3261 186
913 3284 190
914 3316 186
915 3348 189
916 3384 192
917 3416 204
918 3434 208
919 3463 211
920 3478 205
921 3514 208
922 3552 216
923 3593 222
924 3613 212
925 3630 224
926 3652 220
927 3695 213
928 3731 218
929 3777 218
930 3802 218
931 3824 233
932 3856 229
933 3893 232
934 3921 240
935 3944 243
936 3966 243
937 4012 231
938 4047 228
939 4066 226
940 4106 217
941 4142 217
942 4173 224
943 4197 237
944 4230 239
945 4286 236
946 4315 237
947 4340 239
948 4390 237
949 4433 223
950 4455 219
951 4495 222
952 4533 221
953 4563 233
954 4594 243
955 4620 243
956 4653 252
957 4683 260
958 4713 263
959 4733 260
960 4768 275
961 4796 284
962 4836 286
963 4844 302
964 4866 307
965 4894 313
966 4914 313
967 4936 315
968 4962 317
969 5004 313
970 5028 321
971 5063 323
972 5126 324
973 5159 320
974 5198 320
975 5229 327
976 5255 338
977 5272 350
978 5292 360
979 5306 379
980 5308 386
981 5320 404
982 5329 420
983 5347 429
984 5362 443
985 5367 455
986 5351 478
987 5339 500
988 5327 502
989 5320 513
990 5308 518
991 5289 531
992 5297 518
993 5292 520
994 5269 516
995 5261 529
996 5261 524
997 5247 525
998 5252 527
999 5246 531
1000 5244 541
1001 5224 557
