1 5 2
2 5.3 2.0
3 5.618 2.0024
4 5.95481 2.00735
5 6.3112235 2.0150166
6 6.6880016 2.0255852
7 7.0858593 2.0392618
8 7.505447 2.0562763
9 7.947326 2.0768838
10 8.411945 2.101369
11 8.899608 2.130048
12 9.410437 2.1632733
13 9.944333 2.2014372
14 10.50093 2.2449758
15 11.079536 2.2943735
16 11.679078 2.3501685
17 12.29803 2.4129562
18 12.9343405 2.4833956
19 13.585353 2.562212
20 14.247717 2.650202
21 14.917302 2.7482352
22 15.5891075 2.8572555
23 16.257177 2.9782786
24 16.914528 3.1123867
25 17.55309 3.2607172
26 18.163685 3.4244454
27 18.736042 3.6047587
28 19.258867 3.8028193
29 19.719994 4.019715
30 20.106617 4.2563953
31 20.405643 4.513594
32 20.604153 4.7917333
33 20.689976 5.090817
34 20.652395 5.410316
35 20.482914 5.7490535
36 20.176058 6.105102
37 19.730125 6.4757075
38 19.147808 6.8572593
39 18.43656 7.24532
40 17.60864 7.6347284
41 16.680761 8.019783
42 15.673316 8.394491
43 14.609257 8.752879
44 13.512721 9.0893135
45 12.407566 9.398812
46 11.315995 9.677301
47 10.257429 9.921788
48 9.247731 10.130441
49 8.298832 10.302567
50 7.41873 10.438512
