1 5 2
2 5.3 2.3
3 5.5862 2.5862
4 5.85588 2.8558793
5 6.106994 3.1069937
6 6.338206 3.3382053
7 6.5488615 3.5488613
8 6.738928 3.7389274
9 6.9088936 3.9088929
10 7.0596604 4.05966
11 7.19243 4.1924295
12 7.308598 4.3085976
13 7.409662 4.4096613
14 7.497146 4.4971457
15 7.5725455 4.572545
16 7.637284 4.6372833
17 7.692687 4.6926866
18 7.7399683 4.739968
19 7.780221 4.7802205
20 7.8144197 4.8144193
21 7.843424 4.8434234
22 7.8679857 4.8679852
23 7.8887596 4.888759
24 7.9063106 4.90631
25 7.9211254 4.921125
26 7.933621 4.9336205
27 7.944154 4.944153
28 7.953027 4.953026
29 7.9604983 4.9604974
30 7.9667873 4.9667864
31 7.9720793 4.9720783
32 7.976531 4.97653
33 7.980275 4.980274
34 7.9834237 4.9834228
35 7.9860706 4.9860697
36 7.9882956 4.9882946
37 7.9901657 4.9901648
38 7.9917374 4.9917364
39 7.993058 4.9930573
40 7.9941683 4.9941673
41 7.995101 4.9951
42 7.9958844 4.9958835
43 7.996543 4.996542
44 7.997096 4.997095
45 7.9975605 4.9975595
46 7.997951 4.99795
47 7.998279 4.998278
48 7.9985547 4.9985538
49 7.998786 4.998785
50 7.9989805 4.9989796
