1 5 2
2 5.3 2.0
3 5.618 2.0024
4 5.95481 2.00735
5 6.3112235 2.0150166
6 6.6880016 2.0255852
7 7.0858593 2.0392618
8 7.505447 2.0562763
9 7.947326 2.0768838
10 8.411945 2.101369
11 8.899608 2.130048
12 9.410437 2.1632733
13 9.944333 2.2014372
14 10.50093 2.2449758
15 11.079536 2.2943735
16 11.679078 2.3501685
17 12.29803 2.4129562
18 12.9343405 2.4833956
19 13.585353 2.562212
20 14.247717 2.650202
21 14.917302 2.7482352
22 15.5891075 2.8572555
23 16.257177 2.9782786
24 16.914528 3.1123867
25 17.55309 3.2607172
26 18.163685 3.4244454
27 18.736042 3.6047587
28 19.258867 3.8028193
29 19.719994 4.019715
30 20.106617 4.2563953
31 20.405643 4.513594
32 20.604153 4.7917333
33 20.689976 5.090817
34 20.652395 5.410316
35 20.482914 5.7490535
36 20.176058 6.105102
37 19.730125 6.4757075
38 19.147808 6.8572593
39 18.43656 7.24532
40 17.60864 7.6347284
41 16.680761 8.019783
42 15.673316 8.394491
43 14.609257 8.752879
44 13.512721 9.0893135
45 12.407566 9.398812
46 11.315995 9.677301
47 10.257429 9.921788
48 9.247731 10.130441
49 8.298832 10.302567
50 7.41873 10.438512
51 6.611793 10.539503
52 5.879272 10.607453
53 5.2199173 10.644761
54 4.630614 10.654125
55 4.106972 10.638383
56 3.6438386 10.600382
57 3.2357008 10.542878
58 2.876999 10.468475
59 2.562343 10.379577
60 2.2866564 10.278369
61 2.04526 10.166814
62 1.8339105 10.046653
63 1.6488082 9.919418
64 1.4865847 9.78645
65 1.3442754 9.648915
66 1.2192869 9.50782
67 1.1093603 9.364035
68 1.0125346 9.218307
69 0.92711097 9.071276
70 0.8516205 8.923491
71 0.784794 8.775418
72 0.72553545 8.627458
73 0.6728985 8.479946
74 0.62606543 8.333172
75 0.5843297 8.187377
76 0.54708016 8.042766
77 0.51378745 7.8995104
78 0.48399282 7.757755
79 0.45729816 7.6176186
80 0.4333575 7.4792004
81 0.4118699 7.342581
82 0.39257315 7.207826
83 0.37523848 7.074988
84 0.35966617 6.9441075
85 0.34568158 6.8152156
86 0.33313185 6.688335
87 0.32188308 6.563481
88 0.3118179 6.440662
89 0.30283344 6.319882
90 0.29483935 6.20114
91 0.2877565 6.0844307
92 0.28151545 5.9697456
93 0.27605549 5.857073
94 0.2713235 5.746399
95 0.2672732 5.6377077
96 0.26386434 5.5309806
97 0.2610622 5.4261985
98 0.25883693 5.323341
99 0.25716308 5.2223854
100 0.2560193 5.1233096
101 0.2553879 5.02609
102 0.25525463 4.9307027
103 0.25560838 4.837123
104 0.25644103 4.745326
105 0.2577472 4.6552873
106 0.25952417 4.566981
107 0.26177174 4.480382
108 0.26449215 4.395466
109 0.26769003 4.3122067
110 0.27137235 4.23058
111 0.27554834 4.1505604
112 0.28022957 4.072124
113 0.28542992 3.995246
114 0.29116565 3.9199026
115 0.2974554 3.8460698
116 0.30432025 3.7737246
117 0.31178385 3.7028437
118 0.3198725 3.6334047
119 0.32861522 3.5653856
120 0.33804393 3.4987645
121 0.3481936 3.43352
122 0.35910234 3.3696318
123 0.37081173 3.3070793
124 0.38336682 3.245843
125 0.39681652 3.1859035
126 0.4112138 3.1272423
127 0.42661586 3.0698414
128 0.4430846 3.013683
129 0.4606867 2.9587507
130 0.47949424 2.9050279
131 0.4995848 2.852499
132 0.521042 2.8011494
133 0.54395586 2.7509644
134 0.5684234 2.7019308
135 0.59454894 2.6540356
136 0.62244475 2.6072667
137 0.65223163 2.5616128
138 0.6840395 2.5170636
139 0.718008 2.4736094
140 0.75428736 2.4312415
141 0.793039 2.3899522
142 0.8344364 2.3497345
143 0.878666 2.3105826
144 0.925928 2.272492
145 0.9764375 2.2354589
146 1.0304255 2.1994808
147 1.0881401 2.1645567
148 1.1498473 2.130687
149 1.2158327 2.0978732
150 1.2864027 2.0661185
151 1.3618858 2.0354276
152 1.442634 2.0058072
153 1.5290245 1.9772656
154 1.6214612 1.9498135
155 1.7203764 1.9234633
156 1.8262324 1.8982304
157 1.9395235 1.8741323
158 2.0607774 1.8511894
159 2.1905575 1.8294251
160 2.329464 1.8088664
161 2.4781365 1.7895439
162 2.6372554 1.7714919
163 2.8075435 1.7547495
164 2.989767 1.7393607
165 3.1847382 1.7253746
166 3.3933146 1.7128465
167 3.6164014 1.7018385
168 3.854951 1.6924199
169 4.109962 1.6846683
170 4.3824797 1.6786706
171 4.673593 1.6745242
172 4.9844313 1.6723379
173 5.316161 1.6722337
174 5.66998 1.6743485
175 6.0471077 1.6788356
176 6.4487762 1.6858673
177 6.8762183 1.6956371
178 7.330649 1.7083627
179 7.813246 1.7242891
180 8.325125 1.7436924
181 8.867308 1.7668843
182 9.440688 1.7942166
183 10.045984 1.8260869
184 10.683686 1.8629445
185 11.353992 1.905298
186 12.056737 1.953723
187 12.7913 2.0088706
188 13.556508 2.0714774
189 14.350519 2.142376
190 15.170687 2.2225053
191 16.013416 2.312923
192 16.874002 2.4148157
193 17.74645 2.5295098
194 18.623299 2.6584787
195 19.495436 2.8033478
196 20.351929 2.965891
197 21.17989 3.1480196
198 21.964384 3.351758
199 22.688437 3.5792
200 23.33315 3.8324418
201 23.878008 4.113485
202 24.301373 4.4241023
203 24.581274 4.7656674
204 24.696478 5.138939
205 24.627851 5.5438147
206 24.359991 5.9790673
207 23.88299 6.442086
208 23.194164 6.9286695
209 22.299486 7.4329147
210 21.214432 7.947257
211 19.963943 8.462698
212 18.581362 8.969239
213 17.106285 9.456497
214 15.581603 9.91443
215 14.050109 10.334072
216 12.551223 10.70817
217 11.118333 11.031609
218 9.777104 11.301589
219 8.544878 11.517545
220 7.4310455 11.680858
221 6.4381304 11.794444
222 5.56326 11.862292
223 4.7997255 11.889018
224 4.1384177 11.879494
225 3.5690134 11.838553
226 3.0808756 11.77079
227 2.6636765 11.680431
228 2.3077865 11.571275
229 2.0044844 11.446666
230 1.7460396 11.309511
231 1.5257065 11.162309
232 1.337669 11.007184
233 1.1769565 10.845936
234 1.0393482 10.680078
235 0.9212767 10.510878
236 0.8197358 10.339394
237 0.732198 10.166508
238 0.65653986 9.992953
239 0.5909784 9.819337
240 0.5340159 9.646162
241 0.48439342 9.473844
242 0.44105142 9.302723
243 0.40309697 9.1330805
244 0.36977634 8.965145
245 0.34045202 8.799103
246 0.31458378 8.635103
247 0.29171288 8.473267
248 0.27144894 8.313688
249 0.253459 8.156442
250 0.23745844 8.001582
251 0.22320342 7.8491507
252 0.21048461 7.6991754
253 0.1991219 7.551674
254 0.18896002 7.4066553
255 0.17986478 7.2641206
256 0.17172007 7.1240644
257 0.16442518 6.9864764
258 0.15789264 6.8513417
259 0.15204638 6.718642
260 0.14682011 6.5883555
261 0.14215606 6.460458
262 0.13800381 6.3349223
263 0.13431932 6.211721
264 0.13106418 6.090824
265 0.12820482 5.972201
266 0.125712 5.8558197
267 0.12356027 5.7416477
268 0.12172751 5.6296525
269 0.12019459 5.5198007
270 0.11894505 5.4120584
271 0.117964804 5.306392
272 0.117241934 5.2027683
273 0.116766475 5.101153
274 0.11653025 5.0015125
275 0.11652672 4.9038134
276 0.11675089 4.808023
277 0.11719916 4.714108
278 0.11786929 4.622036
279 0.118760295 4.5317745
280 0.11987243 4.4432917
281 0.12120711 4.3565564
282 0.12276691 4.2715373
283 0.124555536 4.1882043
284 0.12657781 4.106527
285 0.12883969 4.0264754
286 0.13134825 3.948021
287 0.13411176 3.8711348
288 0.13713965 3.7957888
289 0.14044255 3.7219553
290 0.14403239 3.6496072
291 0.1479224 3.5787177
292 0.15212719 3.509261
293 0.15666284 3.441211
294 0.16154692 3.3745432
295 0.16679867 3.309233
296 0.17243902 3.2452562
297 0.17849074 3.1825895
298 0.18497856 3.12121
299 0.19192928 3.0610952
300 0.19937193 3.0022235
301 0.20733795 2.9445732
302 0.2158613 2.8881238
303 0.22497874 2.832855
304 0.23472998 2.7787473
305 0.24515787 2.7257814
306 0.25630873 2.6739388
307 0.26823252 2.6232014
308 0.2809832 2.573552
309 0.29461902 2.5249734
310 0.30920282 2.4774497
311 0.3248024 2.4309647
312 0.34149098 2.3855038
313 0.35934752 2.3410523
314 0.37845725 2.2975962
315 0.39891213 2.2551224
316 0.42081144 2.2136183
317 0.44426227 2.1730719
318 0.4693802 2.133472
319 0.49629003 2.094808
320 0.5251264 2.0570705
321 0.55603456 2.02025
322 0.58917147 1.9843384
323 0.6247063 1.9493281
324 0.6628218 1.9152125
325 0.70371515 1.881986
326 0.747599 1.8496438
327 0.79470307 1.8181821
328 0.84527504 1.7875981
329 0.8995823 1.7578902
330 0.9579132 1.7290579
331 1.0205787 1.7011019
332 1.0879145 1.6740243
333 1.160282 1.6478286
334 1.2380713 1.6225197
335 1.3217026 1.5981045
336 1.4116285 1.5745913
337 1.5083365 1.5519904
338 1.6123518 1.5303143
339 1.7242389 1.5095776
340 1.8446053 1.4897976
341 1.974104 1.470994
342 2.1134365 1.4531897
343 2.2633557 1.4364108
344 2.424669 1.420687
345 2.598242 1.406052
346 2.785001 1.392544
347 2.9859364 1.3802061
348 3.202106 1.3690869
349 3.4346373 1.359241
350 3.684731 1.3507302
351 3.9536626 1.3436239
352 4.242784 1.3380003
353 4.5535254 1.3339477
354 4.887395 1.3315654
355 5.2459764 1.3309656
356 5.63093 1.3322752
357 6.043984 1.3356375
358 6.486931 1.341215
359 6.9616165 1.3491921
360 7.469927 1.3597785
361 8.013771 1.3732127
362 8.595056 1.3897669
363 9.215658 1.4097521
364 9.877388 1.4335243
365 10.581938 1.4614917
366 11.330823 1.4941236
367 12.125312 1.5319597
368 12.966333 1.5756224
369 13.854366 1.6258302
370 14.789306 1.6834129
371 15.770306 1.7493306
372 16.795586 1.8246939
373 17.862207 1.9107872
374 18.96581 2.009095
375 20.10031 2.1213295
376 21.257553 2.2494605
377 22.426949 2.3957434
378 23.595058 2.5627453
379 24.745201 2.753363
380 25.85707 2.9708257
381 26.90644 3.2186766
382 27.865023 3.5007155
383 28.700575 3.8208911
384 29.377398 4.1831203
385 29.857353 4.5910144
386 30.101578 5.0474963
387 30.072983 5.554297
388 29.739595 6.111348
389 29.078575 6.7161174
390 28.08053 7.3629756
391 26.753458 8.042741
392 25.125381 8.742571
393 23.24471 9.446362
394 21.177624 10.135746
395 19.002365 10.7916355
396 16.80127 11.39607
397 14.652027 11.934022
398 12.620077 12.394772
399 10.753625 12.772568
400 9.08196 13.066522
401 7.616763 13.27987
402 6.355447 13.418871
403 5.2853327 13.491625
404 4.3877115 13.507023
405 3.6411843 13.473942
406 3.0240808 13.400707
407 2.5159924 13.294792
408 2.0985997 13.162695
409 1.755995 13.009933
410 1.474687 12.841116
411 1.2434231 12.66004
412 1.0529296 12.469807
413 0.895626 12.27293
414 0.7653495 12.07144
415 0.65710706 11.866966
416 0.56686044 11.660818
417 0.49134535 11.454042
418 0.42792207 11.247473
419 0.37445343 11.041776
420 0.32920614 10.837479
421 0.29077145 10.635
422 0.2580015 10.4346695
423 0.22995844 10.236745
424 0.20587377 10.041426
425 0.18511583 9.848866
426 0.16716379 9.659182
427 0.15158686 9.472457
428 0.13802755 9.288752
429 0.12618823 9.108105
430 0.11582034 8.93054
431 0.10671561 8.756066
432 0.098698996 8.584682
433 0.091622904 8.416378
434 0.08536253 8.251135
435 0.07981203 8.088929
436 0.07488135 7.929733
437 0.070493706 7.7735133
438 0.0665834 7.620235
439 0.06309412 7.4698596
440 0.059977446 7.3223476
441 0.057191677 7.1776576
442 0.0547008 7.0357466
443 0.05247366 6.896571
444 0.05048326 6.7600875
445 0.04870616 6.6262507
446 0.04712199 6.4950166
447 0.045713026 6.3663406
448 0.044463836 6.240178
449 0.043360975 6.116484
450 0.04239274 5.9952154
451 0.04154894 5.8763275
452 0.040820733 5.7597775
453 0.04020044 5.6455226
454 0.03968143 5.5335197
455 0.039258014 5.4237275
456 0.03892532 5.316105
457 0.03867923 5.2106104
458 0.038516305 5.1072044
459 0.038433723 5.005847
460 0.03842923 4.9064994
461 0.038501095 4.8091235
462 0.038648073 4.7136817
463 0.038869385 4.6201367
464 0.039164685 4.5284524
465 0.039534044 4.438593
466 0.039977938 4.350523
467 0.040497232 4.2642083
468 0.04109318 4.179615
469 0.041767426 4.0967097
470 0.042521987 4.01546
471 0.04335928 3.9358337
472 0.04428211 3.8577995
473 0.04529369 3.7813268
474 0.046397652 3.7063854
475 0.047598068 3.6329455
476 0.04889945 3.5609784
477 0.050306797 3.4904554
478 0.051825605 3.4213486
479 0.053461898 3.3536308
480 0.055222258 3.2872753
481 0.057113867 3.222256
482 0.059144545 3.158547
483 0.061322782 3.0961232
484 0.063657805 3.0349603
485 0.066159606 2.9750338
486 0.06883903 2.9163203
487 0.0717078 2.8587968
488 0.07477862 2.802441
489 0.078065224 2.7472303
490 0.08158249 2.6931436
491 0.08534647 2.6401596
492 0.08937455 2.5882578
493 0.093685515 2.537418
494 0.09829968 2.4876204
495 0.10323901 2.438846
496 0.10852723 2.3910763
497 0.11419001 2.3442929
498 0.12025512 2.298478
499 0.12675256 2.253614
500 0.13371478 2.2096844
